./out/problem032
Solving Project Euler Problem 032
123456789
1 2345 6789
12 345 6789
123 45 6789
1234 5 6789
123456798
1 2345 6798
12 345 6798
123 45 6798
1234 5 6798
123456879
1 2345 6879
12 345 6879
123 45 6879
1234 5 6879
123456897
1 2345 6897
12 345 6897
123 45 6897
1234 5 6897
123456978
1 2345 6978
12 345 6978
123 45 6978
1234 5 6978
123456987
1 2345 6987
12 345 6987
123 45 6987
1234 5 6987
123457689
1 2345 7689
12 345 7689
123 45 7689
1234 5 7689
123457698
1 2345 7698
12 345 7698
123 45 7698
1234 5 7698
123457869
1 2345 7869
12 345 7869
123 45 7869
1234 5 7869
123457896
1 2345 7896
12 345 7896
123 45 7896
1234 5 7896
123457968
1 2345 7968
12 345 7968
123 45 7968
1234 5 7968
123457986
1 2345 7986
12 345 7986
123 45 7986
1234 5 7986
123458679
1 2345 8679
12 345 8679
123 45 8679
1234 5 8679
123458697
1 2345 8697
12 345 8697
123 45 8697
1234 5 8697
123458769
1 2345 8769
12 345 8769
123 45 8769
1234 5 8769
123458796
1 2345 8796
12 345 8796
123 45 8796
1234 5 8796
123458967
1 2345 8967
12 345 8967
123 45 8967
1234 5 8967
123458976
1 2345 8976
12 345 8976
123 45 8976
1234 5 8976
123459678
1 2345 9678
12 345 9678
123 45 9678
1234 5 9678
123459687
1 2345 9687
12 345 9687
123 45 9687
1234 5 9687
123459768
1 2345 9768
12 345 9768
123 45 9768
1234 5 9768
